# Created by Octave 4.2.1, Mon Sep 11 21:12:29 2017 GMT <unknown@unknown>
# name: Theta
# type: matrix
# rows: 1
# columns: 3
 -30 20 20


# name: X
# type: matrix
# rows: 10
# columns: 2
 0 0
 0 1
 1 0
 1 1
 0 0
 0 1
 1 0
 1 1
 1 1
 1 0


# name: y
# type: matrix
# rows: 10
# columns: 1
 0
 0
 0
 1
 0
 0
 0
 1
 1
 0


